chr1 0 500 0.016581
chr1 100 600 0.000581
chr1 200 700 0.000581
chr1 300 800 0.000581
chr1 400 900 -0.017419
chr1 500 1000 -0.001419
chr1 600 1100 0.010581
chr1 700 1200 -0.019419
chr1 800 1300 -0.019419
chr1 900 1400 -0.001419
chr1 1000 1500 -0.009419
chr1 1100 1600 -0.029419
chr1 1200 1700 -0.005419
chr1 1300 1800 -0.019419
chr1 1400 1900 -0.037419
chr1 1500 2000 -0.029419
chr1 1600 2100 0.002581
chr1 1700 2200 0.004581
chr1 1800 2300 0.020581
chr1 1900 2400 0.030581
chr1 2000 2500 0.030581
chr1 2100 2600 0.032581
chr1 2200 2700 0.028581
chr1 2300 2800 0.004581
chr1 2400 2900 0.010581
chr1 2500 3000 0.020581
chr1 2600 3100 0.000581
chr1 2700 3200 0.012581
chr1 2800 3300 0.020581
chr1 2900 3400 0.020581
chr1 3000 3500 -0.003419
chr1 3100 3600 -0.007419
chr1 3200 3700 -0.013419
chr1 3300 3800 -0.019419
chr1 3400 3900 -0.023419
chr1 3500 4000 -0.027419
chr1 3600 4100 -0.029419
chr1 3700 4200 -0.047419
chr1 3800 4300 -0.037419
chr1 3900 4400 -0.045419
chr1 4000 4500 -0.021419
chr1 4100 4600 -0.017419
chr1 4200 4700 -0.005419
chr1 4300 4800 -0.011419
chr1 4400 4900 -0.025419
chr1 4500 5000 -0.027419
chr1 4600 5100 -0.031419
chr1 4700 5200 -0.011419
chr1 4800 5300 0.006581
chr1 4900 5400 0.024581
chr1 5000 5500 0.026581
chr1 5100 5600 0.030581
chr1 5200 5700 0.012581
chr1 5300 5800 0.034581
chr1 5400 5900 0.040581
chr1 5500 6000 0.024581
chr1 5600 6100 0.038581
chr1 5700 6200 0.032581
chr1 5800 6300 0.004581
chr1 5900 6400 0.008581
chr1 6000 6500 0.022581
chr1 6100 6600 0.026581
chr1 6200 6700 0.040581
chr1 6300 6800 0.034581
chr1 6400 6900 0.042581
chr1 6500 7000 0.022581
chr1 6600 7100 0.002581
chr1 6700 7200 -0.029419
chr1 6800 7300 -0.023419
chr1 6900 7400 -0.041419
chr1 7000 7500 -0.033419
chr1 7100 7600 -0.015419
chr1 7200 7700 0.012581
chr1 7300 7800 -0.001419
chr1 7400 7900 -0.013419
chr1 7500 8000 -0.025419
chr1 7600 8100 -0.045419
chr1 7700 8200 -0.071419
chr1 7800 8300 -0.051419
chr1 7900 8400 -0.027419
chr1 8000 8500 -0.009419
chr1 8100 8600 -0.007419
chr1 8200 8700 0.014581
chr1 8300 8800 0.010581
chr1 8400 8900 0.002581
chr1 8500 9000 0.020581
chr1 8600 9100 0.042581
chr1 8700 9200 0.024581
chr1 8800 9300 0.022581
chr1 8900 9400 0.028581
chr1 9000 9500 0.004581
chr1 9100 9600 -0.025419
chr1 9200 9700 -0.003419
chr1 9300 9800 0.006581
chr1 9400 9900 -0.011419
chr1 9500 10000 -0.013419
chr1 9600 10100 -0.015419
chr1 9700 10200 -0.011419
chr1 9800 10300 -0.039419
chr1 9900 10400 -0.031419
chr1 10000 10500 -0.041419
chr1 10100 10600 -0.035419
chr1 10200 10700 -0.045419
chr1 10300 10800 -0.039419
chr1 10400 10900 -0.019419
chr1 10500 11000 -0.021419
chr1 10600 11100 -0.011419
chr1 10700 11200 -0.005419
chr1 10800 11300 0.022581
chr1 10900 11400 0.000581
chr1 11000 11500 0.008581
chr1 11100 11600 -0.009419
chr1 11200 11700 -0.031419
chr1 11300 11800 -0.059419
chr1 11400 11900 -0.071419
chr1 11500 12000 -0.069419
chr1 11600 12100 -0.065419
chr1 11700 12200 -0.071419
chr1 11800 12300 -0.059419
chr1 11900 12400 -0.049419
chr1 12000 12500 -0.023419
chr1 12100 12600 0.006581
chr1 12200 12700 0.022581
chr1 12300 12800 0.014581
chr1 12400 12900 0.018581
chr1 12500 13000 0.014581
chr1 12600 13100 0.020581
chr1 12700 13200 0.030581
chr1 12800 13300 0.024581
chr1 12900 13400 0.036581
chr1 13000 13500 0.006581
chr1 13100 13600 -0.025419
chr1 13200 13700 -0.035419
chr1 13300 13800 -0.031419
chr1 13400 13900 -0.033419
chr1 13500 14000 -0.025419
chr1 13600 14100 -0.019419
chr1 13700 14200 -0.023419
chr1 13800 14300 -0.003419
chr1 13900 14400 -0.001419
chr1 14000 14500 0.002581
chr1 14100 14600 0.012581
chr1 14200 14700 0.036581
chr1 14300 14800 0.038581
chr1 14400 14900 0.030581
chr1 14500 15000 0.038581
chr1 14600 15100 0.032581
chr1 14700 15200 0.030581
chr1 14800 15300 0.002581
chr1 14900 15400 0.006581
chr1 15000 15500 0.010581
chr1 15100 15600 -0.009419
chr1 15200 15700 -0.035419
chr1 15300 15800 -0.027419
chr1 15400 15900 -0.003419
chr1 15500 16000 -0.005419
chr1 15600 16100 0.030581
chr1 15700 16200 0.030581
chr1 15800 16300 0.078581
chr1 15900 16400 0.090581
chr1 16000 16500 0.120581
chr1 16100 16600 0.130581
chr1 16200 16700 0.134581
chr1 16300 16800 0.068581
