chr1 0 500 -0.162562
chr1 100 600 -0.189744
chr1 200 700 -0.200000
chr1 300 800 -0.148718
chr1 400 900 -0.129032
chr1 500 1000 -0.154639
chr1 600 1100 -0.090000
chr1 700 1200 -0.081081
chr1 800 1300 -0.102703
chr1 900 1400 -0.144330
chr1 1000 1500 -0.042105
chr1 1100 1600 -0.077778
chr1 1200 1700 -0.125000
chr1 1300 1800 -0.167568
chr1 1400 1900 -0.204545
chr1 1500 2000 -0.288889
chr1 1600 2100 -0.244898
chr1 1700 2200 -0.167513
chr1 1800 2300 -0.131707
chr1 1900 2400 -0.104762
chr1 2000 2500 -0.066667
chr1 2100 2600 -0.090047
chr1 2200 2700 -0.090909
chr1 2300 2800 -0.147208
chr1 2400 2900 -0.150000
chr1 2500 3000 -0.307317
chr1 2600 3100 -0.394872
chr1 2700 3200 -0.422886
chr1 2800 3300 -0.424390
chr1 2900 3400 -0.404878
chr1 3000 3500 -0.326425
chr1 3100 3600 -0.340314
chr1 3200 3700 -0.414894
chr1 3300 3800 -0.340541
chr1 3400 3900 -0.398907
chr1 3500 4000 -0.425414
chr1 3600 4100 -0.355556
chr1 3700 4200 -0.309942
chr1 3800 4300 -0.363636
chr1 3900 4400 -0.441860
chr1 4000 4500 -0.347826
chr1 4100 4600 -0.473118
chr1 4200 4700 -0.510417
chr1 4300 4800 -0.566138
chr1 4400 4900 -0.560440
chr1 4500 5000 -0.657459
chr1 4600 5100 -0.564246
chr1 4700 5200 -0.502646
chr1 4800 5300 -0.323232
chr1 4900 5400 -0.314010
chr1 5000 5500 -0.201923
chr1 5100 5600 -0.114286
chr1 5200 5700 -0.134328
chr1 5300 5800 -0.198113
chr1 5400 5900 -0.181395
chr1 5500 6000 -0.246377
chr1 5600 6100 -0.317757
chr1 5700 6200 -0.222749
chr1 5800 6300 -0.248731
chr1 5900 6400 -0.185930
chr1 6000 6500 -0.174757
chr1 6100 6600 -0.182692
chr1 6200 6700 -0.246512
chr1 6300 6800 -0.273585
chr1 6400 6900 -0.314815
chr1 6500 7000 -0.330097
chr1 6600 7100 -0.336735
chr1 6700 7200 -0.377778
chr1 6800 7300 -0.387978
chr1 6900 7400 -0.356322
chr1 7000 7500 -0.359551
chr1 7100 7600 -0.326203
chr1 7200 7700 -0.273632
chr1 7300 7800 -0.257732
chr1 7400 7900 -0.340426
chr1 7500 8000 -0.406593
chr1 7600 8100 -0.476744
chr1 7700 8200 -0.522013
chr1 7800 8300 -0.526627
chr1 7900 8400 -0.502762
chr1 8000 8500 -0.431579
chr1 8100 8600 -0.434555
chr1 8200 8700 -0.455446
chr1 8300 8800 -0.470000
chr1 8400 8900 -0.377551
chr1 8500 9000 -0.375610
chr1 8600 9100 -0.370370
chr1 8700 9200 -0.314010
chr1 8800 9300 -0.281553
chr1 8900 9400 -0.330144
chr1 9000 9500 -0.309645
chr1 9100 9600 -0.329670
chr1 9200 9700 -0.388601
chr1 9300 9800 -0.454545
chr1 9400 9900 -0.386243
chr1 9500 10000 -0.478723
chr1 9600 10100 -0.475936
chr1 9700 10200 -0.407407
chr1 9800 10300 -0.394286
chr1 9900 10400 -0.575419
chr1 10000 10500 -0.551724
chr1 10100 10600 -0.559322
chr1 10200 10700 -0.604651
chr1 10300 10800 -0.565714
chr1 10400 10900 -0.437838
chr1 10500 11000 -0.391304
chr1 10600 11100 -0.322751
chr1 10700 11200 -0.333333
chr1 10800 11300 -0.349515
chr1 10900 11400 -0.394872
chr1 11000 11500 -0.457286
chr1 11100 11600 -0.484211
chr1 11200 11700 -0.452514
chr1 11300 11800 -0.357576
chr1 11400 11900 -0.421384
chr1 11500 12000 -0.362500
chr1 11600 12100 -0.358025
chr1 11700 12200 -0.459119
chr1 11800 12300 -0.430303
chr1 11900 12400 -0.352941
chr1 12000 12500 -0.355191
chr1 12100 12600 -0.373737
chr1 12200 12700 -0.330097
chr1 12300 12800 -0.415842
chr1 12400 12900 -0.401961
chr1 12500 13000 -0.396040
chr1 12600 13100 -0.414634
chr1 12700 13200 -0.438095
chr1 12800 13300 -0.487923
chr1 12900 13400 -0.577465
chr1 13000 13500 -0.646465
chr1 13100 13600 -0.681319
chr1 13200 13700 -0.683616
chr1 13300 13800 -0.687151
chr1 13400 13900 -0.617978
chr1 13500 14000 -0.659341
chr1 13600 14100 -0.600000
chr1 13700 14200 -0.573770
chr1 13800 14300 -0.492228
chr1 13900 14400 -0.453608
chr1 14000 14500 -0.326531
chr1 14100 14600 -0.263682
chr1 14200 14700 -0.248826
chr1 14300 14800 -0.271028
chr1 14400 14900 -0.304762
chr1 14500 15000 -0.383178
chr1 14600 15100 -0.459716
chr1 14700 15200 -0.476190
chr1 14800 15300 -0.510204
chr1 14900 15400 -0.424242
chr1 15000 15500 -0.440000
chr1 15100 15600 -0.389474
chr1 15200 15700 -0.435028
chr1 15300 15800 -0.403315
chr1 15400 15900 -0.440415
chr1 15500 16000 -0.312500
chr1 15600 16100 -0.219048
chr1 15700 16200 -0.190476
chr1 15800 16300 -0.196581
chr1 15900 16400 -0.216667
chr1 16000 16500 -0.270588
chr1 16100 16600 -0.376923
chr1 16200 16700 -0.389313
chr1 16300 16800 -0.388646
